x =

   2.3173e-06
   1.1586e-06
   1.0000e+00

